[[0.13184174 0.10248357 0.02852402]]
[[0.26342339 0.20505287 0.05731696]]
[[0.39358047 0.30809192 0.08758502]]
[[0.52017624 0.41229944 0.12156115]]
[[0.64032169 0.51858467 0.16233991]]
[[0.75084096 0.62783562 0.21352009]]
[[0.8489984  0.74054815 0.27863189]]
[[0.93338622 0.85638212 0.36041018]]
[[1.00473926 0.97381702 0.46007724]]
[[1.06635645 1.09016179 0.57687437]]
[[1.12382864 1.20213237 0.70807688]]
[[1.18394458 1.30695539 0.84959023]]
[[1.25297098 1.40354116 0.99695532]]
[[1.33487349 1.49300173 1.14631364]]
[[1.43023459 1.57806545 1.29485045]]
[[1.53640867 1.66173986 1.44059232]]
[[1.64886274 1.74620177 1.58193896]]
[[1.76301635 1.83259687 1.71745465]]
[[1.87565059 1.92146297 1.84607278]]
[[1.98531992 2.0130332  1.96743156]]
[[2.09191428 2.10721803 2.08202109]]
[[2.19597449 2.20360244 2.19104069]]
[[2.29821778 2.30159682 2.29603188]]
[[2.3993128  2.40061582 2.39846965]]
[[2.4997757  2.50020122 2.49950061]]
[[2.59994059 2.600053   2.59986752]]
[[2.69998798 2.70001125 2.69997357]]
[[2.79999848 2.80000036 2.79999589]]
[[2.89999963 2.90000267 2.90000091]]
[[3.00000067 2.99999336 2.99999702]]
[[3.09999808 3.10001886 3.10000845]]
[[3.20000595 3.19994157 3.19997381]]
[[3.29997994 3.30019665 3.30008817]]
[[3.40007313 3.39928394 3.39967892]]
[[3.49971286 3.50281094 3.50126049]]
[[3.60121228 3.58814671 3.59468492]]
[[3.69453773 3.75360421 3.72404423]]
[[3.82672568 3.54234166 3.68458751]]
[[3.77143694 5.25339009 4.5102766 ]]
[[ 4.96501142 -2.53234156  1.1701909 ]]
[[ 7.80326903 61.20928773 33.52235644]]
[[-1.73202726e+09 -2.75221415e+10 -1.41495686e+10]]
[[1.16943239e+108 1.85824348e+109 9.55352383e+108]]
[[-inf -inf -inf]]
[[inf inf inf]]
[[nan nan nan]]
[[nan nan nan]]
[[nan nan nan]]
[[nan nan nan]]
