(0.0,1.0)	=>	[[0.19661193 0.19661193]]
(0.01,0.99)	=>	[[0.19842186 0.19842186]]
(0.02,0.98)	=>	[[0.20021666 0.20021666]]
(0.03,0.97)	=>	[[0.20199534 0.20199534]]
(0.04,0.96)	=>	[[0.20375689 0.20375689]]
(0.05,0.95)	=>	[[0.20550031 0.20550031]]
(0.06,0.94)	=>	[[0.20722457 0.20722457]]
(0.07,0.9299999999999999)	=>	[[0.20892866 0.20892866]]
(0.08,0.92)	=>	[[0.21061156 0.21061156]]
(0.09,0.91)	=>	[[0.21227224 0.21227224]]
(0.1,0.9)	=>	[[0.2139097 0.2139097]]
(0.11,0.89)	=>	[[0.2155229 0.2155229]]
(0.12,0.88)	=>	[[0.21711082 0.21711082]]
(0.13,0.87)	=>	[[0.21867247 0.21867247]]
(0.14,0.86)	=>	[[0.22020682 0.22020682]]
(0.15,0.85)	=>	[[0.22171287 0.22171287]]
(0.16,0.84)	=>	[[0.22318964 0.22318964]]
(0.17,0.83)	=>	[[0.22463613 0.22463613]]
(0.18,0.8200000000000001)	=>	[[0.22605137 0.22605137]]
(0.19,0.81)	=>	[[0.22743439 0.22743439]]
(0.2,0.8)	=>	[[0.22878424 0.22878424]]
(0.21,0.79)	=>	[[0.23009999 0.23009999]]
(0.22,0.78)	=>	[[0.2313807 0.2313807]]
(0.23,0.77)	=>	[[0.23262549 0.23262549]]
(0.24,0.76)	=>	[[0.23383345 0.23383345]]
(0.25,0.75)	=>	[[0.23500371 0.23500371]]
(0.26,0.74)	=>	[[0.23613544 0.23613544]]
(0.27,0.73)	=>	[[0.2372278 0.2372278]]
(0.28,0.72)	=>	[[0.23827998 0.23827998]]
(0.29,0.71)	=>	[[0.23929122 0.23929122]]
(0.3,0.7)	=>	[[0.24026075 0.24026075]]
(0.31,0.69)	=>	[[0.24118784 0.24118784]]
(0.32,0.6799999999999999)	=>	[[0.2420718 0.2420718]]
(0.33,0.6699999999999999)	=>	[[0.24291196 0.24291196]]
(0.34,0.6599999999999999)	=>	[[0.24370766 0.24370766]]
(0.35000000000000003,0.6499999999999999)	=>	[[0.24445831 0.24445831]]
(0.36,0.64)	=>	[[0.24516332 0.24516332]]
(0.37,0.63)	=>	[[0.24582215 0.24582215]]
(0.38,0.62)	=>	[[0.24643428 0.24643428]]
(0.39,0.61)	=>	[[0.24699924 0.24699924]]
(0.4,0.6)	=>	[[0.24751657 0.24751657]]
(0.41000000000000003,0.59)	=>	[[0.24798589 0.24798589]]
(0.42,0.5800000000000001)	=>	[[0.2484068 0.2484068]]
(0.43,0.5700000000000001)	=>	[[0.24877899 0.24877899]]
(0.44,0.56)	=>	[[0.24910216 0.24910216]]
(0.45,0.55)	=>	[[0.24937604 0.24937604]]
(0.46,0.54)	=>	[[0.24960043 0.24960043]]
(0.47000000000000003,0.53)	=>	[[0.24977513 0.24977513]]
(0.48,0.52)	=>	[[0.24990003 0.24990003]]
(0.49,0.51)	=>	[[0.249975 0.249975]]
(0.5,0.5)	=>	[[0.25 0.25]]
(0.51,0.49)	=>	[[0.249975 0.249975]]
(0.52,0.48)	=>	[[0.24990003 0.24990003]]
(0.53,0.47)	=>	[[0.24977513 0.24977513]]
(0.54,0.45999999999999996)	=>	[[0.24960043 0.24960043]]
(0.55,0.44999999999999996)	=>	[[0.24937604 0.24937604]]
(0.56,0.43999999999999995)	=>	[[0.24910216 0.24910216]]
(0.5700000000000001,0.42999999999999994)	=>	[[0.24877899 0.24877899]]
(0.58,0.42000000000000004)	=>	[[0.2484068 0.2484068]]
(0.59,0.41000000000000003)	=>	[[0.24798589 0.24798589]]
(0.6,0.4)	=>	[[0.24751657 0.24751657]]
(0.61,0.39)	=>	[[0.24699924 0.24699924]]
(0.62,0.38)	=>	[[0.24643428 0.24643428]]
(0.63,0.37)	=>	[[0.24582215 0.24582215]]
(0.64,0.36)	=>	[[0.24516332 0.24516332]]
(0.65,0.35)	=>	[[0.24445831 0.24445831]]
(0.66,0.33999999999999997)	=>	[[0.24370766 0.24370766]]
(0.67,0.32999999999999996)	=>	[[0.24291196 0.24291196]]
(0.68,0.31999999999999995)	=>	[[0.2420718 0.2420718]]
(0.6900000000000001,0.30999999999999994)	=>	[[0.24118784 0.24118784]]
(0.7000000000000001,0.29999999999999993)	=>	[[0.24026075 0.24026075]]
(0.71,0.29000000000000004)	=>	[[0.23929122 0.23929122]]
(0.72,0.28)	=>	[[0.23827998 0.23827998]]
(0.73,0.27)	=>	[[0.2372278 0.2372278]]
(0.74,0.26)	=>	[[0.23613544 0.23613544]]
(0.75,0.25)	=>	[[0.23500371 0.23500371]]
(0.76,0.24)	=>	[[0.23383345 0.23383345]]
(0.77,0.22999999999999998)	=>	[[0.23262549 0.23262549]]
(0.78,0.21999999999999997)	=>	[[0.2313807 0.2313807]]
(0.79,0.20999999999999996)	=>	[[0.23009999 0.23009999]]
(0.8,0.19999999999999996)	=>	[[0.22878424 0.22878424]]
(0.81,0.18999999999999995)	=>	[[0.22743439 0.22743439]]
(0.8200000000000001,0.17999999999999994)	=>	[[0.22605137 0.22605137]]
(0.8300000000000001,0.16999999999999993)	=>	[[0.22463613 0.22463613]]
(0.84,0.16000000000000003)	=>	[[0.22318964 0.22318964]]
(0.85,0.15000000000000002)	=>	[[0.22171287 0.22171287]]
(0.86,0.14)	=>	[[0.22020682 0.22020682]]
(0.87,0.13)	=>	[[0.21867247 0.21867247]]
(0.88,0.12)	=>	[[0.21711082 0.21711082]]
(0.89,0.10999999999999999)	=>	[[0.2155229 0.2155229]]
(0.9,0.09999999999999998)	=>	[[0.2139097 0.2139097]]
(0.91,0.08999999999999997)	=>	[[0.21227224 0.21227224]]
(0.92,0.07999999999999996)	=>	[[0.21061156 0.21061156]]
(0.93,0.06999999999999995)	=>	[[0.20892866 0.20892866]]
(0.9400000000000001,0.05999999999999994)	=>	[[0.20722457 0.20722457]]
(0.9500000000000001,0.04999999999999993)	=>	[[0.20550031 0.20550031]]
(0.96,0.040000000000000036)	=>	[[0.20375689 0.20375689]]
(0.97,0.030000000000000027)	=>	[[0.20199534 0.20199534]]
(0.98,0.020000000000000018)	=>	[[0.20021666 0.20021666]]
(0.99,0.010000000000000009)	=>	[[0.19842186 0.19842186]]
